jails:
  jail1:
    world: 0747e10b-6698-4b55-b2c9-039d910c891c
    world-name: world
    x: -8.963047724813137
    y: 1.0
    z: 1.3185088479281828
    yaw: -339.47344970703125
    pitch: 16.199993133544922
  hell:
    world: 220fb01e-acfa-4efb-8648-7abbed63b7cb
    world-name: world_nether
    x: 17.32680049459817
    y: 5.220136765296544
    z: 4.227572925771914
    yaw: -22.650772094726562
    pitch: 14.399992942810059
